0 396
1 395
2 394
3 393
4 392
5 391
6 390
7 389
8 388
9 387
10 386
11 385
12 384
13 383
14 382
15 381
16 380
17 379
18 378
19 377
20 376
21 375
22 374
23 373
24 372
25 371
26 370
27 369
28 368
29 367
30 366
31 365
32 364
33 363
34 362
35 361
36 360
37 359
38 358
39 357
40 356
41 355
42 354
43 353
44 352
45 351
46 350
47 349
48 348
49 347
50 346
51 345
52 344
53 343
54 342
55 341
56 340
57 339
58 338
59 337
60 336
61 335
62 334
63 333
64 332
65 331
66 330
67 329
68 328
69 327
70 326
71 325
72 324
73 323
74 322
75 321
76 320
77 319
78 318
79 317
80 316
81 315
82 314
83 313
84 312
85 311
86 310
87 309
88 308
89 307
90 306
91 305
92 304
93 303
94 302
95 301
96 300
97 299
98 298
99 297
100 296
101 295
102 294
103 293
104 292
105 291
106 290
107 289
108 288
109 287
110 286
111 285
112 284
113 283
114 282
115 281
116 280
117 279
118 278
119 277
120 276
121 275
122 274
123 273
124 272
125 271
126 270
127 269
128 268
129 267
130 266
131 265
132 264
133 263
134 262
135 261
136 260
137 259
138 258
139 257
140 256
141 255
142 254
143 253
144 252
145 251
146 250
147 249
148 248
149 247
150 246
151 245
152 244
153 243
154 242
155 241
156 240
157 239
158 238
159 237
160 236
161 235
162 234
163 233
164 232
165 231
166 230
167 229
168 228
169 227
170 226
171 225
172 224
173 223
174 222
175 221
176 220
177 219
178 218
179 217
180 216
181 215
182 214
183 213
184 212
185 211
186 210
187 209
188 208
189 207
190 206
191 205
192 204
193 203
194 202
195 201
196 200
197 199
198 198
199 197
200 196
201 195
202 194
203 193
204 192
205 191
206 190
207 189
208 188
209 187
210 186
211 185
212 184
213 183
214 182
215 181
216 180
217 179
218 178
219 177
220 176
221 175
222 174
223 173
224 172
225 171
226 170
227 169
228 168
229 167
230 166
231 165
232 164
233 163
234 162
235 161
236 160
237 159
238 158
239 157
240 156
241 155
242 154
243 153
244 152
245 151
246 150
247 149
248 148
249 147
250 146
251 145
252 144
253 143
254 142
255 141
256 140
257 139
258 138
259 137
260 136
261 135
262 134
263 133
264 132
265 131
266 130
267 129
268 128
269 127
270 126
271 125
272 124
273 123
274 122
275 121
276 120
277 119
278 118
279 117
280 116
281 115
282 114
283 113
284 112
285 111
286 110
287 109
288 108
289 107
290 106
291 105
292 104
293 103
294 102
295 101
296 100
297 99
298 98
299 97
300 96
301 95
302 94
303 93
304 92
305 91
306 90
307 89
308 88
309 87
310 86
311 85
312 84
313 83
314 82
315 81
316 80
317 79
318 78
319 77
320 76
321 75
322 74
323 73
324 72
325 71
326 70
327 69
328 68
329 67
330 66
331 65
332 64
333 63
334 62
335 61
336 60
337 59
338 58
339 57
340 56
341 55
342 54
343 53
344 52
345 51
346 50
347 49
348 48
349 47
350 46
351 45
352 44
353 43
354 42
355 41
356 40
357 39
358 38
359 37
360 36
361 35
362 34
363 33
364 32
365 31
366 30
367 29
368 28
369 27
370 26
371 25
372 24
373 23
374 22
375 21
376 20
377 19
378 18
379 17
380 16
381 15
382 14
383 13
384 12
385 11
386 10
387 9
388 8
389 7
390 6
391 5
392 4
393 3
394 2
395 1
396 0
