3.16952  5.03343  1.94471
3.17452  5.03175  1.92745
3.15128  5.06175  1.94984
3.16741  5.03738  1.92935
3.12437  5.08357  1.98792
3.14703  5.06936  1.96578
3.11219  5.15787  2.06958
3.12649  5.08234  2.00374
3.15614  5.06161  1.99596
3.21858  4.99535  1.92493
3.20829  5.00379  1.92294
3.16013  5.06183  1.97467
3.1208  5.0953  2.02042
3.1253  5.09896  2.01761
3.19299  5.01329  1.92942
3.14258  5.06691  1.98041
3.15635  5.064  2.00398
3.17168  5.04532  1.98083
3.14758  5.07467  2.01389
3.14004  5.08942  2.01967
3.18481  5.03577  1.96938
3.20581  5.02137  1.94731
3.17176  5.05461  1.99765
3.12957  5.10221  2.03782
3.11889  5.13843  2.05336
3.13955  5.10076  2.02661
3.19052  5.05567  1.97439
3.13195  5.12589  2.02042
3.13396  5.13243  2.01895
3.14936  5.11864  2.02549
3.12585  5.14847  2.04502
3.15981  5.09812  2.00254
3.18187  5.08724  1.98005
3.15035  5.093  2.00779
3.2162  5.04037  1.93509
3.16109  5.09716  1.98169
3.10928  5.14186  2.02507
3.13235  5.11658  2.02043
3.15046  5.10037  1.99489
3.12147  5.12478  2.02034
3.12667  5.12108  2.01477
3.1936  5.08346  1.94885
3.13581  5.13161  1.99765
3.10764  5.15042  2.01841
3.20137  5.0794  1.96019
3.12452  5.15119  2.02693
3.17386  5.10551  1.99043
3.17204  5.10542  1.99001
3.13628  5.12985  2.00393
3.13387  5.12179  1.99643
3.27396  5.07132  2.02859
3.27109  5.07284  2.02731
3.28958  5.0576  2.00434
3.29928  5.0499  2.00797
3.27617  5.07297  2.03026
3.28408  5.06245  2.01787
3.32709  5.0218  1.97313
3.24645  5.05971  2.03442
3.22206  5.12246  2.06144
3.24898  5.07808  2.04255
3.30258  5.03284  1.99077
3.21849  5.09984  2.06899
3.26706  5.08431  2.06272
3.30206  5.04899  2.03018
3.25091  5.09787  2.07554
3.24524  5.06133  2.03831
3.275  5.05248  2.01734
3.21648  5.11813  2.07938
3.2865  5.03172  2.00573
3.29089  5.03901  2.00647
3.23841  5.07795  2.05821
3.237  5.08933  2.0639
3.26057  5.0887  2.03189
3.3156  5.03631  1.98036
3.26289  5.08313  2.02506
3.28391  5.06341  2.00757
3.28486  5.06711  2.02707
3.2826  5.07303  2.03872
3.27044  5.09427  2.05305
3.30042  5.07142  2.02181
3.27691  5.06681  2.02462
3.23844  5.09971  2.06246
3.26162  5.08813  2.04963
3.28926  5.06867  2.02801
3.28724  5.04998  2.01642
3.28798  5.0578  2.02043
3.27319  5.09453  2.04169
3.25458  5.11879  2.06156
3.2259  5.13397  2.0807
3.28795  5.07751  2.02102
3.28532  5.01354  1.98091
3.24309  5.05396  2.03238
3.29406  4.98362  1.96949
3.24696  5.03964  2.02237
3.2906  4.97762  1.96231
3.22988  5.03357  2.01626
3.18945  5.07235  2.05513
3.17554  5.12229  2.10691
3.24894  5.02998  2.01823
3.26551  5.01901  2.00856
3.26823  5.02952  2.01866
3.26239  5.02654  2.01861
3.26318  5.04392  2.02678
3.21913  5.08821  2.07465
3.26147  5.05654  2.03784
3.2208  5.07404  2.06577
3.18453  5.08697  2.07579
3.2449  5.02885  2.01962
3.22429  5.04132  2.02718
3.24468  5.0219  2.00942
3.25884  5.02024  2.01179
3.27275  4.99909  1.98826
3.25508  5.02858  2.01931
3.22331  5.05511  2.04204
3.19177  5.0934  2.07152
3.21083  5.08445  2.05216
3.28763  5.01873  1.9756
3.20243  5.11245  2.06054
3.27691  5.04448  1.98563
3.28439  5.0718  2.05468
3.21398  5.13836  2.11843
3.24954  5.1154  2.09121
3.25634  5.11844  2.0817
3.27501  5.08438  2.05757
3.2694  5.0998  2.06116
3.2513  5.12971  2.09027
3.24536  5.13192  2.08677
3.26904  5.11515  2.06163
3.26312  5.12284  2.08305
3.28004  5.11426  2.06745
3.28337  5.0999  2.05792
3.29607  5.09308  2.04501
3.28888  5.06739  2.02589
3.25352  5.08298  2.04967
3.25547  5.09239  2.05276
3.2044  5.15482  2.10909
3.33331  5.04449  1.98909
3.25619  5.09807  2.05073
3.25619  5.10992  2.05645
3.23136  5.14802  2.09433
3.2771  5.09216  2.04135
3.29099  5.01632  2.00368
3.21817  5.09897  2.0803
3.28299  5.01535  2.00535
3.23011  5.07728  2.06147
3.15987  5.10482  2.10736
3.25183  5.03795  2.02715
3.27223  5.0252  2.00806
3.21678  5.05683  2.05154
3.22318  5.06759  2.04785
3.25544  5.07187  2.04446
3.2694  5.06799  2.03022
3.23384  5.08353  2.05804
3.20166  5.1256  2.08847
3.26971  5.07746  2.02936
3.21384  5.14168  2.09216
3.24192  5.0952  2.04901
3.24876  5.09164  2.04438
3.23573  5.12199  2.07517
3.27413  5.07183  2.02686
3.27355  5.07432  2.02833
3.18469  5.12247  2.0957
3.24672  5.0705  2.03255
3.25135  5.0485  2.01937
3.20255  5.1061  2.06801
3.26842  5.05873  2.01222
3.19209  5.14371  2.08917
3.22036  5.10071  2.05071
3.24102  5.08738  2.02865
3.23601  5.10659  2.05609
3.38193  5.05764  1.95179
3.22947  5.20177  2.09629
3.25087  5.21061  2.05704
3.28765  5.17482  2.01611
3.27719  5.18067  2.0172
3.26639  5.1647  2.01566
3.27662  5.17086  2.00664
3.27577  5.17114  2.04554
3.33556  5.11673  1.98304
3.31842  5.12638  2.00135
3.22722  5.22377  2.09134
3.23249  5.2088  2.09511
3.34136  5.09567  1.98136
3.28282  5.16284  2.03408
3.32263  5.13432  1.98963
3.32738  5.13313  1.97829
3.27918  5.17188  2.03595
3.25226  5.18433  2.05028
3.22252  5.20901  2.07325
3.29271  5.13904  2.02465
3.24869  5.18884  2.06171
3.31717  5.10715  1.9918
3.24297  5.18295  2.05991
3.26031  5.19023  2.04595
3.26531  5.18953  2.03613
3.24834  5.18886  2.04474
3.3356  5.11018  1.95598
3.28102  5.16452  2.02695
3.26459  5.09184  1.99827
3.13642  5.22945  2.12683
3.28496  5.1307  1.97196
3.26219  5.16881  2.01527
3.26308  5.17544  2.01602
3.2344  5.17963  2.02758
3.21719  5.18107  2.03374
3.22332  5.16616  2.02202
3.22351  5.18011  2.02213
3.23298  5.17071  2.01985
3.19893  5.22272  2.08669
3.25902  5.152  2.01579
3.28308  5.13419  2.00974
3.23398  5.17343  2.04861
3.22583  5.1988  2.05498
3.23744  5.20013  2.04456
3.20378  5.20995  2.06779
3.179  5.22085  2.08432
3.24203  5.1358  2.01027
3.24156  5.1448  2.01234
3.20566  5.18274  2.06726
3.23291  5.16291  2.03917
3.232  5.14518  2.03093
3.20133  5.18462  2.05956
3.20961  5.19606  2.05267
3.25747  5.14984  2.08616
3.30259  5.11199  2.03894
3.29011  5.10741  2.04548
3.28919  5.11995  2.04732
3.29202  5.11039  2.05302
3.23985  5.15697  2.09807
3.2794  5.12518  2.05626
3.29619  5.12846  2.04346
3.29832  5.13568  2.03883
3.25495  5.1645  2.08003
3.36696  5.06051  1.9635
3.2835  5.12923  2.05162
3.19102  5.19686  2.13991
3.30764  5.07951  2.02181
3.24229  5.15528  2.08931
3.25217  5.1252  2.06975
3.27888  5.10867  2.04471
3.2444  5.17186  2.08642
3.26738  5.15072  2.05775
3.27315  5.1375  2.04298
3.29414  5.11311  2.03571
3.293  5.11814  2.03232
3.28048  5.1167  2.04141
3.24693  5.15753  2.07108
3.22586  5.20629  2.1009
3.28244  5.14253  2.03611
3.26351  5.15385  2.04641
3.27349  5.14826  2.03279
3.20061  5.16659  2.11324
3.27691  5.10032  2.03782
3.21063  5.1467  2.0934
3.21358  5.15382  2.0902
3.25581  5.14696  2.05183
3.25725  5.1312  2.03738
3.23489  5.15242  2.07758
3.2447  5.15203  2.06451
3.24756  5.12969  2.05455
3.18779  5.19873  2.11174
3.22716  5.1163  2.05246
3.25163  5.10194  2.0281
3.22313  5.11415  2.0468
3.20989  5.13736  2.06044
3.23071  5.11872  2.06177
3.21563  5.14269  2.07637
3.19265  5.17272  2.0899
3.26843  5.10893  2.01542
3.19722  5.16044  2.0732
3.20621  5.16188  2.06537
3.23991  5.12889  2.05147
3.24762  5.12964  2.04377
3.22876  5.17854  2.07322
3.27377  5.13747  2.02227
3.24215  5.15521  2.04988
3.20156  5.20149  2.08635
3.2483  5.13877  2.03241
3.24316  5.15385  2.03846
3.18345  5.19468  2.0889
3.18201  5.06459  2.05439
3.16571  5.06273  2.05123
3.19645  5.02279  2.01198
3.19318  5.04825  2.04434
3.26654  4.96912  1.96525
3.15129  5.09646  2.10555
3.14169  5.09486  2.10313
3.20964  5.0712  2.04671
3.21209  5.05599  2.03145
3.16815  5.05973  2.05185
3.20234  5.01684  2.01006
3.22003  4.99939  1.99101
3.18638  5.04238  2.04691
3.19364  5.03009  2.02944
3.22034  5.00485  2.00118
3.1743  5.08442  2.05869
3.22848  5.00557  1.99338
3.17948  5.0681  2.0435
3.21175  5.0746  2.01073
3.19396  5.1046  2.03174
3.20355  5.10326  2.02202
3.174  5.08749  2.02188
3.13599  5.12793  2.05405
3.23825  5.03011  1.97325
3.21223  5.0645  2.00692
3.20735  5.05069  1.99292
3.17311  5.09567  2.00992
3.16324  5.1249  2.07918
3.21662  5.07665  2.02545
3.17005  5.11069  2.06449
3.21982  5.06885  2.01317
3.18973  5.09747  2.06184
3.19342  5.10531  2.05773
3.18655  5.08972  2.05535
3.17755  5.12635  2.06408
3.14297  5.16726  2.09863
3.14952  5.15062  2.08407
3.1575  5.15298  2.07664
3.22469  5.08377  2.02629
3.23097  5.08698  2.0216
3.21298  5.1024  2.0292
3.15424  5.11347  2.06839
3.20312  5.07395  2.02024
3.19793  5.05682  2.01499
3.17645  5.08933  2.05392
3.22058  5.03317  1.9979
3.15512  5.06019  2.04566
3.2104  5.03025  1.97321
3.11551  5.1276  2.07292
3.17305  5.04344  2.03057
3.13381  5.08693  2.07233
3.16173  5.06296  2.05164
3.16148  5.06695  2.04446
3.12851  5.10975  2.07744
3.15956  5.07162  2.05474
3.1501  5.09035  2.06368
3.18143  5.06461  2.00161
3.13956  5.1179  2.04303
3.12685  5.11559  2.047
3.11661  5.1313  2.05381
3.2301  5.01952  1.96046
3.15271  5.11304  2.02583
3.15724  5.0932  2.00772
3.14636  5.09995  2.01567
3.14816  5.09965  2.01382
3.13604  5.11135  2.07153
3.19736  5.0497  2.01408
3.20571  5.04296  2.05481
3.19798  5.05879  2.06717
3.20549  5.03481  2.04668
3.20039  5.04434  2.05631
3.22968  5.02908  2.03613
3.22953  5.01858  2.02888
3.20538  5.06614  2.0636
3.22363  5.0512  2.03645
3.20453  5.0532  2.04815
3.13498  5.13235  2.11637
3.20702  5.0589  2.06096
3.1724  5.09782  2.09254
3.20392  5.0531  2.05561
3.17905  5.0872  2.082
3.24247  4.9903  1.9984
3.13001  5.10556  2.11278
3.18633  5.04501  2.04597
3.16618  5.07617  2.08465
3.22256  5.0247  2.02108
3.14923  5.10506  2.09052
3.17864  5.06002  2.05296
3.13074  5.11537  2.10018
3.19062  5.05671  2.06007
3.17127  5.1555  2.09058
3.24491  5.06845  1.97928
3.17937  5.14679  2.04017
3.19772  5.13438  2.02346
3.21029  5.13395  2.0145
3.2345  5.08234  1.99828
3.17903  5.14655  2.05275
3.26068  5.06488  1.99238
3.19426  5.1404  2.05827
3.20281  5.1183  2.03974
3.22272  5.10689  2.01969
3.2403  5.11703  2.0017
3.19591  5.13956  2.03541
3.2282  5.12056  2.00636
3.2507  5.09643  2.00305
3.16952  5.18788  2.08302
3.13525  5.20439  2.10696
3.15419  5.19477  2.08781
3.22249  5.157  2.01811
3.19965  5.1608  2.02941
3.25776  5.10941  1.98533
3.20297  5.17405  2.04273
3.17937  5.17838  2.05584
3.21327  5.1542  2.03815
3.23758  5.09441  2.02374
3.22877  5.11128  2.03205
3.26177  5.0862  1.99928
